0.1 0.215443469003 1.00053586253 1.4563870915e-07
0.1 0.464158883361 6.46739703222 3.46634049666
0.1 1.0 11.8078343905 9.779147968
0.1 2.15443469003 12.991101178 11.9822114932
0.1 4.64158883361 13.0 12.0
0.1 10.0 13.0 12.0
0.1 21.5443469003 13.0 12.0
0.1 46.4158883361 13.0 12.0
0.1 100.0 13.0 12.0
0.215443469003 0.1 1.0 3.22124523966e-29
0.215443469003 0.464158883361 1.00012184711 7.53215641584e-09
0.215443469003 1.0 6.5749395168 3.49904542385
0.215443469003 2.15443469003 11.8078343905 9.779147968
0.215443469003 4.64158883361 12.991101178 11.9822114932
0.215443469003 10.0 13.0 12.0
0.215443469003 21.5443469003 13.0 12.0
0.215443469003 46.4158883361 13.0 12.0
0.215443469003 100.0 13.0 12.0
0.464158883361 0.1 1.0 2.33244931111e-31
0.464158883361 0.215443469003 1.0 1.76355923523e-31
0.464158883361 1.0 1.00003225504 5.27850480082e-10
0.464158883361 2.15443469003 6.61718836802 3.5126692597
0.464158883361 4.64158883361 11.8078343905 9.779147968
0.464158883361 10.0 12.991101178 11.9822114932
0.464158883361 21.5443469003 13.0 12.0
0.464158883361 46.4158883361 13.0 12.0
0.464158883361 100.0 13.0 12.0
1.0 0.1 1.0 1.86785574914e-31
1.0 0.215443469003 1.0 1.80148524029e-31
1.0 0.464158883361 1.0 4.23823106531e-31
1.0 2.15443469003 1.00001288552 8.4241504848e-11
1.0 4.64158883361 6.63448192607 3.5183892209
1.0 10.0 11.8078343905 9.779147968
1.0 21.5443469003 12.991101178 11.9822114932
1.0 46.4158883361 13.0 12.0
1.0 100.0 13.0 12.0
2.15443469003 0.1 1.0 1.97215226305e-31
2.15443469003 0.215443469003 1.0 1.55496620741e-31
2.15443469003 0.464158883361 1.0 3.71674849575e-31
2.15443469003 1.0 1.0 1.25155816694e-31
2.15443469003 4.64158883361 1.00000760575 2.93499864033e-11
2.15443469003 10.0 6.64196115032 3.5208890401
2.15443469003 21.5443469003 11.8078343905 9.77914796799
2.15443469003 46.4158883361 12.991101178 11.9822114932
2.15443469003 100.0 13.0 12.0
4.64158883361 0.1 0.999999999999 2.6832648579e-31
4.64158883361 0.215443469003 0.999999999999 2.19022679214e-31
4.64158883361 0.464158883361 0.999999999999 1.4222251897e-31
4.64158883361 1.0 0.999999999999 2.27556030352e-31
4.64158883361 2.15443469003 0.999999999999 2.26607880226e-31
4.64158883361 10.0 1.00000579294 1.70263924324e-11
4.64158883361 21.5443469003 6.64530802626 3.52201278744
4.64158883361 46.4158883361 11.8078343905 9.77914796798
4.64158883361 100.0 12.991101178 11.9822114932
10.0 0.1 1.0 5.38549271834e-31
10.0 0.215443469003 1.0 5.53719673857e-31
10.0 0.464158883361 1.0 7.28179297127e-31
10.0 1.0 1.0 3.83052651093e-31
10.0 2.15443469003 1.0 4.89245465257e-31
10.0 4.64158883361 1.0 6.25779083469e-31
10.0 21.5443469003 1.00000507135 1.30488300963e-11
10.0 46.4158883361 6.64683033258 3.52252496059
10.0 100.0 11.8078343906 9.77914796805
21.5443469003 0.1 1.0 1.40326218717e-31
21.5443469003 0.215443469003 1.0 1.66874422258e-31
21.5443469003 0.464158883361 1.0 7.58520101174e-32
21.5443469003 1.0 1.0 6.92149592321e-32
21.5443469003 2.15443469003 1.0 1.13778015176e-31
21.5443469003 4.64158883361 1.0 1.21363216188e-31
21.5443469003 10.0 1.0 2.31348630858e-31
21.5443469003 46.4158883361 1.00000476045 1.14979718647e-11
21.5443469003 100.0 6.64752842329 3.5227600472
46.4158883361 0.1 1.00000000001 3.41334045528e-32
46.4158883361 0.215443469003 1.00000000001 6.44742085998e-32
46.4158883361 0.464158883361 1.00000000001 1.02400213658e-31
46.4158883361 1.0 1.00000000001 5.68890075881e-32
46.4158883361 2.15443469003 1.00000000001 3.41334045528e-32
46.4158883361 4.64158883361 1.00000000001 5.68890075881e-32
46.4158883361 10.0 1.00000000001 1.32741017705e-31
46.4158883361 21.5443469003 1.00000000001 1.47911419729e-31
46.4158883361 100.0 1.00000462116 1.08348917643e-11
100.0 0.1 0.999999999992 3.68830399196e-31
100.0 0.215443469003 0.999999999994 3.90637852105e-31
100.0 0.464158883361 0.999999999995 4.46578709566e-31
100.0 1.0 0.999999999993 6.76031040171e-31
100.0 2.15443469003 0.999999999994 4.47526859693e-31
100.0 4.64158883361 0.999999999994 4.30460157416e-31
100.0 10.0 0.999999999994 4.38045358428e-31
100.0 21.5443469003 0.999999999994 4.71230612854e-31
100.0 46.4158883361 0.999999999994 4.31408307543e-31
