0.1 0.215443469003 1.00002396517 1.44887494828e-10
0.1 0.464158883361 1.02483555954 0.000150029001681
0.1 1.0 312.499941953 311.499883907
0.1 2.15443469003 312.5 311.5
0.1 4.64158883361 248.456720496 222.788240828
0.1 10.0 211.439108194 174.743361045
0.1 21.5443469003 196.547403788 165.642836813
0.1 46.4158883361 191.775146013 163.327030395
0.1 100.0 196.232694103 164.872642835
0.215443469003 0.1 1.00000000001 1.99776784109e-23
0.215443469003 0.464158883361 1.00000019567 1.25213069135e-14
0.215443469003 1.0 1.08375050285 0.00162630487233
0.215443469003 2.15443469003 312.5 311.5
0.215443469003 4.64158883361 312.5 311.5
0.215443469003 10.0 253.483782923 226.903539076
0.215443469003 21.5443469003 220.201306387 181.424525367
0.215443469003 46.4158883361 209.262681528 173.236204178
0.215443469003 100.0 208.448931251 172.688261912
0.464158883361 0.1 1.0 5.02504396626e-32
0.464158883361 0.215443469003 1.0 4.71738821322e-32
0.464158883361 1.0 1.00000008216 1.7142872379e-15
0.464158883361 2.15443469003 621.872641899 617.760959847
0.464158883361 4.64158883361 312.5 311.5
0.464158883361 10.0 312.5 311.5
0.464158883361 21.5443469003 274.597193977 249.485965917
0.464158883361 46.4158883361 240.962142006 201.091575809
0.464158883361 100.0 232.809440255 192.76262651
1.0 0.1 1.0 3.89204249113e-31
1.0 0.215443469003 1.0 3.1390747571e-31
1.0 0.464158883361 1.0 6.07363732452e-31
1.0 2.15443469003 1.00000001638 6.81366473839e-17
1.0 4.64158883361 625.0 624.0
1.0 10.0 312.5 311.5
1.0 21.5443469003 312.5 311.5
1.0 46.4158883361 312.5 311.5
1.0 100.0 277.663425352 253.477285263
2.15443469003 0.1 1.0 1.23488286103e-30
2.15443469003 0.215443469003 1.0 1.32512854859e-30
2.15443469003 0.464158883361 1.0 3.59332058785e-30
2.15443469003 1.0 1.0 2.02200827226e-30
2.15443469003 4.64158883361 1.00000000252 1.60854718522e-18
2.15443469003 10.0 625.0 624.0
2.15443469003 21.5443469003 312.5 311.5
2.15443469003 46.4158883361 312.5 311.5
2.15443469003 100.0 312.5 311.5
4.64158883361 0.1 1.0 3.27826926383e-30
4.64158883361 0.215443469003 1.0 5.10740104476e-30
4.64158883361 0.464158883361 1.0 3.85461104118e-30
4.64158883361 1.0 1.0 4.52790382379e-30
4.64158883361 2.15443469003 1.0 5.59191941275e-30
4.64158883361 10.0 1.00000000056 7.89389964069e-20
4.64158883361 21.5443469003 624.999999999 623.999999998
4.64158883361 46.4158883361 312.5 311.5
4.64158883361 100.0 312.5 311.5
10.0 0.1 1.0 8.21677518878e-31
10.0 0.215443469003 1.0 1.71561469667e-30
10.0 0.464158883361 1.0 7.75450269832e-31
10.0 1.0 1.0 4.37738916307e-31
10.0 2.15443469003 1.0 4.63298009636e-31
10.0 4.64158883361 1.0 1.24190372309e-30
10.0 21.5443469003 1.00000000022 1.20720418909e-20
10.0 46.4158883361 625.0 624.0
10.0 100.0 312.500000001 311.500000002
21.5443469003 0.1 0.999999999995 8.47098561549e-31
21.5443469003 0.215443469003 0.999999999995 6.28702419939e-31
21.5443469003 0.464158883361 0.999999999995 1.35901012447e-30
21.5443469003 1.0 0.999999999994 1.409142235e-30
21.5443469003 2.15443469003 0.999999999994 4.13323671291e-31
21.5443469003 4.64158883361 0.999999999995 8.58694816856e-31
21.5443469003 10.0 0.999999999994 1.0146328963e-30
21.5443469003 46.4158883361 1.00000000013 4.4062518223e-21
21.5443469003 100.0 624.999999998 623.999999997
46.4158883361 0.1 0.999999999994 9.07545028412e-31
46.4158883361 0.215443469003 0.999999999994 9.95976335887e-31
46.4158883361 0.464158883361 0.999999999993 1.0536815111e-30
46.4158883361 1.0 0.999999999993 1.0341572037e-30
46.4158883361 2.15443469003 0.999999999994 1.05644252427e-30
46.4158883361 4.64158883361 0.999999999994 1.02056907461e-30
46.4158883361 10.0 0.999999999994 8.87606569032e-31
46.4158883361 21.5443469003 0.999999999993 1.08176495933e-30
46.4158883361 100.0 1.0000000001 2.66923148272e-21
100.0 0.1 1.00000000006 2.95041867162e-30
100.0 0.215443469003 1.00000000006 2.4794687112e-30
100.0 0.464158883361 1.00000000006 1.57133203711e-30
100.0 1.0 1.00000000006 2.82104548316e-30
100.0 2.15443469003 1.00000000006 2.35948296752e-30
100.0 4.64158883361 1.00000000006 2.61696716698e-30
100.0 10.0 1.00000000006 3.23677518021e-30
100.0 21.5443469003 1.00000000006 3.37853348488e-30
100.0 46.4158883361 1.00000000006 4.81552250983e-30
